8 7
11 16
11 17
11 17
6 8
10 8
8 4
8 10
7 10
7 14
7 18
8 6
7 21
8 8
8 3
10 6
8 6
7 13
7 24
7 13
8 2
7 22
9 7
8 14
9 13
8 16
8 9
8 14
8 3
6 11
7 10
6 9
10 5
5 5
5 4
5 9
4 10
7 11
5 15
5 12
5 11
5 12
4 21
3 18
8 11
5 22
7 21
7 6
7 20
6 5
6 18
8 8
8 1
8 2
5 24
5 10
6 18
5 15
7 13
9 12
8 6
9 4
10 1
9 3
10 21
13 6
8 15
8 18
6 20
6 1
4 17
5 22
6 25
8 24
8 19
7 23
7 4
8 5
8 18
7 15
5 23
6 22
4 22
4 19
6 8
10 12
8 11
12 7
12 3
12 5
11 8
10 21
12 11
10 8
8 24
9 14
5 19
7 23
9 20
14 20
13 3
16 17
16 17
16 3
15 1
13 9
9 7
13 3
14 7
4 23
6 12
10 9
4 2
5 12
5 22
4 8
2 19
4 14
4 2
8 9
7 17
8 6
6 21
7 11
5 22
6 10
3 24
10 1
8 5
10 22
6 16
9 12
9 19
7 4
8 23
7 9
7 16
5 3
6 18
5 1
7 24
7 5
8 16
12 16
9 12
4 20
6 13
5 23
8 6
12 21
9 23
5 19
4 15
6 19
4 14
5 17
5 12
5 14
15 3
15 15
16 8
15 9
15 2
16 25
12 12
12 2
13 24
12 22
6 6
6 20
10 10
8 14
10 4
9 8
9 13
8 18
10 13
8 20
10 8
11 14
11 11
12 22
11 4
7 24
6 9
8 14
9 5
9 1
7 17
4 18
7 20
8 7
7 17
11 24
8 12
7 21
6 17
8 22
4 13
5 15
12 22
9 17
11 9
13 10
10 18
13 3
12 4
15 13
15 20
15 19
8 2
8 12
10 10
10 3
8 11
11 15
11 2
13 3
12 1
13 11
3 1
2 6
4 21
2 18
2 11
2 7
3 13
2 23
3 15
10 16
9 23
9 18
7 6
9 7
10 8
8 10
7 21
6 21
3 20
5 16
6 23
14 10
17 1
14 7
16 5
13 8
15 5
12 5
10 19
13 5
9 18
13 18
15 21
8 25
7 20
7 22
5 8
5 16
15 14
13 16
16 10
11 11
14 16
13 1
14 4
14 13
14 11
9 4
12 7
12 4
8 14
5 1
8 19
8 7
11 2
11 2
11 12
7 2
6 12
8 16
6 15
7 3
7 26
5 16
6 22
7 19
4 23
5 25
5 5
9 4
10 14
13 17
12 9
11 7
6 18
6 23
4 23
6 12
4 16
4 15
8 6
6 2
4 5
6 21
6 27
6 6
9 2
5 19
8 13
8 22
9 4
8 17
4 13
6 22
4 12
6 26
4 17
4 17
6 7
5 2
4 9
5 3
8 19
8 17
9 5
8 11
4 16
4 9
4 4
7 16
3 3
2 13
4 5
3 15
3 15
2 15
2 14
9 28
8 18
4 18
3 13
5 3
5 19
3 3
3 8
8 11
13 20
13 18
12 22
9 18
12 3
3 14
4 18
5 1
4 8
3 12
9 8
8 5
11 3
7 1
5 4
8 5
9 2
8 19
9 15
4 16
2 13
4 13
3 8
1 1
5 14
4 9
4 15
4 11
2 11
4 7
3 24
4 5
4 7
5 17
9 10
9 6
8 6
10 19
5 16
9 25
9 5
8 16
10 9
4 10
4 9
3 10
6 9
3 10
5 10
11 8
12 25
7 14
7 6
8 2
9 10
6 12
9 5
6 19
6 24
4 21
4 22
2 14
2 11
7 6
8 14
5 20
7 21
6 13
2 17
10 6
9 18
6 4
6 1
8 11
8 11
9 14
7 10
10 12
6 15
6 17
4 19
6 11
2 2
4 8
10 1
8 7
7 9
10 3
9 3
4 19
4 1
2 10
9 18
3 21
2 12
2 16
4 7
2 11
2 16
10 4
6 12
8 4
6 22
6 8
6 20
2 13
4 14
9 8
10 3
7 7
8 2
7 2
9 7
9 1
9 6
